Paul = [1 4 16; 1 9 81; 1 2 4; 1 7 49; 1 8 64];
Jane = [1 8 64; 1 3 9; 1 6 36; 1 4 16; 1 3 9];
Ann = [4; 8; 1; 4; 6];

A = [Paul, Jane];
b = Ann;

% x = [a1; a2; a3; b1; b2; b3];
% Ax = b
x = A\b;

a1 = x(1);
a2 = x(2);
a3 = x(3);
b1 = x(4);
b2 = x(5);
b3 = x(6);

p = 3;
j = 8;
y = a1 + a2 * p + a3 * p^2 + b1 + b2 * j + b3 * j^2;

